================================================================================
                     期货一分钟K线分析报告
================================================================================

【数据概况】
  数据时间范围: 2026-03-18 23:28:00 ~ 2026-03-23 00:00:00
  总K线数量: 1023
  交易日期: 5 天

【K线性质分布】
  小阳线: 372 (36.4%)
  小阴线: 357 (34.9%)
  长上影: 65 (6.4%)
  长下影: 65 (6.4%)
  长下影阴: 42 (4.1%)
  十字星: 37 (3.6%)
  长上影阴: 34 (3.3%)
  倒T字: 25 (2.4%)
  T字: 22 (2.2%)
  一字板: 4 (0.4%)

【K线关系分布】
  横盘: 431 (42.1%)
  被包含: 220 (21.5%)
  包含: 182 (17.8%)
  上涨递进: 84 (8.2%)
  下跌递进: 69 (6.7%)
  反走上涨: 16 (1.6%)
  反走下跌: 12 (1.2%)
  上涨: 5 (0.5%)
  下跌: 3 (0.3%)
  首K: 1 (0.1%)

【K线组合交易统计】
  分析组合数量: 8124
  组合类型数量: 24

【总体盈亏统计】
  多仓盈利单数: 4214 / 8124 (51.9%)
  多仓平均收益: -0.0010%
  空仓盈利单数: 3768 / 8124 (46.4%)
  空仓平均收益: 0.0010%

【盈利最高组合类型 (Top 10)】
  震荡_阳线_12K: 多仓胜率83.7% | 多仓均收益0.19% | 组合数399
  震荡_阳线_11K: 多仓胜率81.8% | 多仓均收益0.17% | 组合数395
  震荡_阳线_10K: 多仓胜率83.3% | 多仓均收益0.17% | 组合数396
  震荡_阳线_9K: 多仓胜率82.6% | 多仓均收益0.15% | 组合数397
  震荡_阳线_8K: 多仓胜率82.2% | 多仓均收益0.15% | 组合数399
  震荡_星线_11K: 多仓胜率87.5% | 多仓均收益0.14% | 组合数8
  震荡_阳线_7K: 多仓胜率82.4% | 多仓均收益0.13% | 组合数415
  震荡_阳线_6K: 多仓胜率84.8% | 多仓均收益0.13% | 组合数413
  震荡_星线_10K: 多仓胜率91.7% | 多仓均收益0.12% | 组合数12
  震荡_阳线_5K: 多仓胜率83.3% | 多仓均收益0.12% | 组合数419


【详细组合类型统计】
combo_type  组合数量  平均长度  多仓平均收益%  多仓收益标准差  多仓最小收益%  多仓最大收益%  多仓盈利单数   多仓胜率  空仓平均收益%  空仓收益标准差  空仓最小收益%  空仓最大收益%  空仓盈利单数   空仓胜率
 震荡_阴线_11K   610  11.0  -0.1161   0.2847  -1.5811   0.8188     202 0.3311   0.1161   0.2847  -0.8188   1.5811     398 0.6525
 震荡_阴线_12K   610  12.0  -0.1289   0.2949  -1.5659   0.8488     198 0.3246   0.1289   0.2949  -0.8488   1.5659     404 0.6623
 震荡_阴线_10K   606  10.0  -0.1144   0.2585  -1.3001   0.8637     190 0.3135   0.1144   0.2585  -0.8637   1.3001     405 0.6683
  震荡_阴线_9K   599   9.0  -0.1064   0.2445  -1.2928   0.8337     188 0.3139   0.1064   0.2445  -0.8337   1.2928     403 0.6728
  震荡_阴线_8K   595   8.0  -0.1027   0.2249  -1.1144   0.6029     184 0.3092   0.1027   0.2249  -0.6029   1.1144     396 0.6655
  震荡_阴线_7K   577   7.0  -0.0988   0.2062  -1.1071   0.4914     165 0.2860   0.0988   0.2062  -0.4914   1.1071     399 0.6915
  震荡_阴线_6K   566   6.0  -0.0952   0.1848  -0.8566   0.5510     154 0.2721   0.0952   0.1848  -0.5510   0.8566     400 0.7067
  震荡_阴线_5K   560   5.0  -0.0906   0.1810  -1.8092   0.5585     140 0.2500   0.0906   0.1810  -0.5585   1.8092     406 0.7250
  震荡_阳线_5K   419   5.0   0.1205   0.2149  -1.8341   0.7917     349 0.8329  -0.1205   0.2149  -0.7917   1.8341      65 0.1551
  震荡_阳线_7K   415   7.0   0.1329   0.2705  -1.8117   0.8678     342 0.8241  -0.1329   0.2705  -0.8678   1.8117      64 0.1542
  震荡_阳线_6K   413   6.0   0.1268   0.2566  -1.8490   0.8069     350 0.8475  -0.1268   0.2566  -0.8069   1.8490      60 0.1453
 震荡_阳线_12K   399  12.0   0.1928   0.3281  -1.5193   0.9771     334 0.8371  -0.1928   0.3281  -0.9771   1.5193      63 0.1579
  震荡_阳线_8K   399   8.0   0.1459   0.2861  -1.7818   0.8221     328 0.8221  -0.1459   0.2861  -0.8221   1.7818      63 0.1579
  震荡_阳线_9K   397   9.0   0.1533   0.2996  -1.7069   0.8526     328 0.8262  -0.1533   0.2996  -0.8526   1.7069      63 0.1587
 震荡_阳线_10K   396  10.0   0.1682   0.3122  -1.6320   0.9467     330 0.8333  -0.1682   0.3122  -0.9467   1.6320      59 0.1490
 震荡_阳线_11K   395  11.0   0.1729   0.3168  -1.5494   0.9925     323 0.8177  -0.1729   0.3168  -0.9925   1.5494      67 0.1696
  震荡_星线_5K    40   5.0  -0.0085   0.1058  -0.3080   0.3631      23 0.5750   0.0085   0.1058  -0.3631   0.3080      16 0.4000
  震荡_星线_6K    39   6.0   0.0209   0.1276  -0.3080   0.4853      20 0.5128  -0.0209   0.1276  -0.4853   0.3080      17 0.4359
  震荡_星线_7K    25   7.0   0.0428   0.1521  -0.1617   0.4853      16 0.6400  -0.0428   0.1521  -0.4853   0.1617       9 0.3600
  震荡_星线_8K    22   8.0   0.0897   0.1817  -0.1309   0.6720      16 0.7273  -0.0897   0.1817  -0.6720   0.1309       5 0.2273
  震荡_星线_9K    19   9.0   0.0969   0.1727  -0.1644   0.5675      13 0.6842  -0.0969   0.1727  -0.5675   0.1644       4 0.2105
 震荡_星线_10K    12  10.0   0.1229   0.1453  -0.0077   0.4288      11 0.9167  -0.1229   0.1453  -0.4288   0.0077       1 0.0833
 震荡_星线_11K     8  11.0   0.1394   0.1876  -0.0076   0.4589       7 0.8750  -0.1394   0.1876  -0.4589   0.0076       1 0.1250
 震荡_星线_12K     3  12.0   0.0430   0.0044   0.0379   0.0455       3 1.0000  -0.0430   0.0044  -0.0455  -0.0379       0 0.0000